Spaceship
000000000
000110000
001111000
001101100
000011000
000000000
000000000

Gosper Glider Gun
00000000000000000000000000000000000000
00000000000000000000000001000000000000
00000000000000000000000101000000000000
00000000000001100000011000000000000110
00000000000010001000011000000000000110
01100000000100000100011000000000000000
01100000000100010110000101000000000000
00000000000100000100000001000000000000
00000000000010001000000000000000000000
00000000000001100000000000000000000000
00000000000000000000000000000000000000

Pulsar
00000000000000000
00000100000100000
00000100000100000
00000110001100000
00000000000000000
01110011011001110
00010101010101000
00000110001100000
00000000000000000
00000110001100000
00010101010101000
01110011011001110
00000000000000000
00000110001100000
00000100000100000
00000100000100000
00000000000000000

R-pentomino
00000
00110
01100
00100
00000

Monogram
000000000
001000100
001111100
000010000
000101000
000010000
001111100
001000100
000000000

Star
000000000000000
000000000000000
000000111000000
000000000000000
000010101010000
000000000000000
001010000010100
001000000000100
001010000010100
000000000000000
000010101010000
000000000000000
000000111000000
000000000000000
000000000000000

Spider
000000000000000000000000000000000
000000000000000000000000000000000
000000000000000000000000000000000
000000000000000000000000000000000
000000000000000000000000000000000
000000000000100000001000000000000
000000110101011000110101011000000
000111010111000000000111010111000
000100010100000101000001010001000
000000011000000101000000110000000
000011000000000101000000000110000
000011011000000000000000110110000
000000001000000000000000100000000
000000000000000000000000000000000

Volcano
000000000000000
000000000000000
000000000000000
000000000000000
000011111110000
001110111011100
010000111000010
001111010111010
000000000000100
010110101010000
011010101011000
000001001010000
000000110010000
000000000011000
000000000000000

Eureka
00000000000000000000
00000000000000000000
00000000000000000000
00100000100000000100
01010001010000001010
00100010001000000100
00000001010000000000
00000000100000000000
00000000000000000000
00000000100000000000
00000001010000000000
00100010001000000100
01010001010000001010
00100000100000000100
00000000000000000000
00000000000000000000
00000000000000000000

Centinal
000000000000000000000000000000000000000000000000000000
011000000000000000000000000000000000000000000000000110
001000000000000000000000000000000000000000000000000100
001010000000000000000000001100000000000000000000010100
000110000000010000000000001100000000000011000000011000
000000000000110000000000000000000000000010100000000000
000000000001100000000000000000000000000000100000000000
000000000000110011000000000000000000000011100000000000
000000000000000000000000000000000000000000000000000000
000000000000000000000000000000000000000000000000000000
000000000000000000000000000000000000000000000000000000
000000000000110011000000000000000000000011100000000000
000000000001100000000000000000000000000000100000000000
000000000000110000000000000000000000000010100000000000
000110000000010000000000001100000000000011000000011000
001010000000000000000000001100000000000000000000010100
001000000000000000000000000000000000000000000000000100
011000000000000000000000000000000000000000000000000110
000000000000000000000000000000000000000000000000000000

Alchim's p144
00000000000000000000000000000000
00110000000000000000000000001100
00110000000000000001110000001100
00000000000000000001110000000000
00000000000000000000001000000000
00000000000000000010110000000000
00000000000000000011110000000000
00000000000000000000000000000000
00000000000000000000000000000000
00000000000001000010000000000000
00000000000001000010000000000000
00000000000001000010000000000000
00000000000000000000000000000000
00000000000000000000000000000000
00000000001111000000000000000000
00000000001101000000000000000000
00000000010000000000000000000000
00000000001110000000000000000000
00110000001110000000000000001100
00110000000000000000000000001100
00000000000000000000000000000000
